399.264912  	89.033404 
401.193728  	83.676943 
403.122544  	83.373289 
405.051360  	79.998069 
406.980176  	81.033626 
408.908992  	84.258857 
410.837808  	86.742070 
412.766624  	88.489943 
414.695440  	89.202136 
416.624256  	96.043112 
418.553072  	100.000000 
420.481888  	96.390830 
422.410704  	94.398054 
424.339520  	96.768257 
426.268336  	97.763270 
428.197152  	96.447486 
430.125968  	95.511788 
432.054784  	94.244030 
433.983600  	95.143149 
435.912416  	94.372242 
437.841232  	91.963239 
439.770048  	91.596240 
441.698864  	92.989632 
443.627680  	93.387743 
445.556496  	91.613762 
447.485312  	90.898030 
449.414128  	90.875361 
451.342944  	90.541164 
453.271760  	89.011920 
455.200576  	87.009647 
457.129392  	82.884323 
459.058208  	78.014470 
460.987024  	75.878183 
462.915840  	76.268746 
464.844656  	79.515061 
466.773472  	83.469881 
468.702288  	86.794093 
470.631104  	87.587113 
472.559920  	87.025756 
474.488736  	87.089054 
476.417552  	87.626642 
478.346368  	88.225496 
480.275184  	88.155426 
482.204000  	88.460374 
484.132816  	89.837372 
486.061632  	90.242544 
487.990448  	89.834000 
489.919264  	89.448822 
491.848080  	89.048256 
493.776896  	87.981969 
495.705712  	86.687140 
497.634528  	86.259269 
499.563344  	85.697779 
501.492160  	84.796368 
503.420976  	84.838871 
505.349792  	85.260605 
507.278608  	84.257786 
509.207424  	82.596759 
511.136240  	80.037316 
513.065056  	77.218394 
514.993872  	74.245137 
516.922688  	73.162210 
518.851504  	75.731907 
520.780320  	80.130802 
522.709136  	84.191741 
524.637952  	87.067524 
526.566768  	88.530973 
528.495584  	88.950382 
530.424400  	89.134131 
532.353216  	89.824509 
534.282032  	90.816407 
536.210848  	91.503840 
538.139664  	91.397979 
540.068480  	91.500990 
541.997296  	92.001351 
543.926112  	92.074805 
545.854928  	91.674447 
547.783744  	91.145843 
549.712560  	90.553073 
551.641376  	89.855777 
553.570192  	89.481402 
555.499008  	88.891412 
557.427824  	88.087598 
559.356640  	87.511811 
561.285456  	87.425863 
563.214272  	87.501683 
565.143088  	88.047187 
567.071904  	88.888692 
569.000720  	89.518462 
570.929536  	89.978404 
572.858352  	90.445837 
574.787168  	90.432292 
576.715984  	90.404436 
578.644800  	90.369401 
580.573616  	90.198478 
582.502432  	89.887987 
584.431248  	89.348611 
586.360064  	88.799279 
588.288880  	88.691068 
590.217696  	88.767930 
592.146512  	89.091724 
594.075328  	89.542815 
596.004144  	89.502438 
597.932960  	88.976856 
599.861776  	88.048995 
601.790592  	87.630061 
603.719408  	88.027545 
605.648224  	88.229449 
607.577040  	88.135769 
609.505856  	88.125365 
611.434672  	87.950247 
613.363488  	87.585993 
615.292304  	86.805154 
617.221120  	85.876547 
619.149936  	84.770111 
621.078752  	83.736532 
623.007568  	82.881426 
624.936384  	82.092222 
626.865200  	81.333113 
628.794016  	80.805501 
630.722832  	81.063497 
632.651648  	82.133787 
634.580464  	83.444640 
636.509280  	84.781804 
638.438096  	86.013931 
640.366912  	86.856575 
642.295728  	87.400238 
644.224544  	87.455012 
646.153360  	87.175978 
648.082176  	86.853228 
650.010992  	86.537565 
651.939808  	86.104548 
653.868624  	85.522850 
655.797440  	84.900785 
657.726256  	84.289912 
659.655072  	83.563021 
661.583888  	82.679472 
663.512704  	81.765541 
665.441520  	81.636088 
667.370336  	82.650641 
669.299152  	83.512852 
671.227968  	83.491704 
673.156784  	83.983212 
675.085600  	83.977638 
677.014416  	82.959436 
678.943232  	81.638826 
680.872048  	80.742459 
682.800864  	80.413764 
684.729680  	79.817541 
686.658496  	79.174680 
688.587312  	77.912597 
690.516128  	75.496975 
692.444944  	72.738431 
694.373760  	68.330411 
696.302576  	65.661609 
698.231392  	66.393316 
700.160208  	68.274172 
702.089024  	70.255826 
704.017840  	69.930656 
705.946656  	66.492852 
707.875472  	59.315010 
709.804288  	48.692022 
711.733104  	38.978055 
713.661920  	37.413731 
715.590736  	42.092382 
717.519552  	47.579886 
719.448368  	50.779034 
721.377184  	51.650897 
723.306000  	50.857289 
725.234816  	54.712646 
727.163632  	66.679197 
729.092448  	78.135933 
731.021264  	84.093803 
732.950080  	86.702061 
734.878896  	87.796906 
736.807712  	88.026033 
738.736528  	87.557481 
740.665344  	86.673099 
742.594160  	85.294245 
744.522976  	83.358608 
746.451792  	80.860771 
748.380608  	77.939349 
750.309424  	75.784673 
752.238240  	75.574740 
754.167056  	77.104767 
756.095872  	78.572704 
758.024688  	78.043022 
759.953504  	76.576605 
761.882320  	77.930558 
763.811136  	81.813708 
765.739952  	84.982408 
767.668768  	87.045702 
769.597584  	88.536650 
771.526400  	89.326508 
773.455216  	89.436439 
775.384032  	88.913954 
777.312848  	88.012362 
779.241664  	86.741236 
781.170480  	85.742833 
783.099296  	86.192032 
785.028112  	87.569950 
786.956928  	88.271979 
788.885744  	87.631358 
790.814560  	85.827704 
792.743376  	84.383462 
794.672192  	84.628406 
796.601008  	85.541899 
798.529824  	85.848461 
800.458640  	85.480864 
802.387456  	84.974188 
804.316272  	85.349995 
806.245088  	86.734062 
808.173904  	88.153094 
810.102720  	89.067346 
812.031536  	89.537947 
813.960352  	89.668738 
815.889168  	89.551389 
817.817984  	89.236795 
819.746800  	88.677909 
821.675616  	87.878804 
823.604432  	86.753296 
825.533248  	85.118951 
827.462064  	82.779116 
829.390880  	78.897304 
831.319696  	71.483602 
833.248512  	61.713768 
835.177328  	56.000804 
837.106144  	56.348673 
839.034960  	59.602262 
840.963776  	63.233642 
842.892592  	63.574234 
844.821408  	63.057712 
846.750224  	67.426606 
848.679040  	74.295627 
850.607856  	78.761081 
852.536672  	80.695505 
854.465488  	81.704744 
856.394304  	83.031681 
858.323120  	84.432902 
860.251936  	85.332389 
862.180752  	85.697390 
864.109568  	85.807360 
866.038384  	85.688107 
867.967200  	85.426397 
869.896016  	84.940723 
871.824832  	84.224290 
873.753648  	83.056607 
875.682464  	81.166158 
877.611280  	79.087477 
879.540096  	78.821158 
881.468912  	80.183659 
883.397728  	80.903873 
885.326544  	80.242179 
887.255360  	78.679538 
889.184176  	76.455597 
891.112992  	73.792646 
893.041808  	70.559946 
894.970624  	66.782416 
896.899440  	62.949278 
898.828256  	60.011167 
900.757072  	58.326794 
902.685888  	58.306818 
904.614704  	59.464266 
906.543520  	60.881767 
908.472336  	61.984568 
910.401152  	62.970889 
912.329968  	63.902141 
914.258784  	64.748101 
916.187600  	65.292312 
918.116416  	65.482440 
920.045232  	65.322931 
921.974048  	65.002025 
923.902864  	64.518350 
925.831680  	63.918511 
927.760496  	62.917919 
929.689312  	60.932000 
931.618128  	56.953034 
933.546944  	50.304136 
935.475760  	41.877784 
937.404576  	35.949556 
939.333392  	36.039298 
941.262208  	39.611166 
943.191024  	43.317482 
945.119840  	50.100161 
947.048656  	60.605366 
948.977472  	70.099629 
950.906288  	76.057570 
952.835104  	79.390483 
954.763920  	81.295720 
956.692736  	82.501840 
958.621552  	83.163750 
960.550368  	83.198938 
962.479184  	82.523830 
964.408000  	80.992468 
966.336816  	78.663373 
968.265632  	76.524514 
970.194448  	75.807160 
972.123264  	76.625401 
974.052080  	78.243159 
975.980896  	79.924789 
977.909712  	80.514077 
979.838528  	79.164498 
981.767344  	76.218073 
983.696160  	73.409277 
985.624976  	72.103016 
987.553792  	72.385534 
989.482608  	74.027071 
991.411424  	76.627501 
993.340240  	79.302144 
995.269056  	81.330864 
997.197872  	82.604397 
999.126688  	83.381865 
1001.055504  	83.988948 
1002.984320  	84.514115 
1004.913136  	84.887144 
1006.841952  	85.002637 
1008.770768  	84.802576 
1010.699584  	84.618005 
1012.628400  	84.989349 
1014.557216  	85.990056 
1016.486032  	87.036485 
1018.414848  	87.701993 
1020.343664  	87.995277 
1022.272480  	87.994906 
1024.201296  	87.917661 
1026.130112  	87.944612 
1028.058928  	88.118022 
1029.987744  	88.360311 
1031.916560  	88.467314 
1033.845376  	88.405598 
1035.774192  	88.078034 
1037.703008  	87.334302 
1039.631824  	86.064049 
1041.560640  	84.074517 
1043.489456  	81.423526 
1045.418272  	79.001739 
1047.347088  	77.867237 
1049.275904  	78.295927 
1051.204720  	79.079124 
1053.133536  	78.562551 
1055.062352  	76.674568 
1056.991168  	75.785296 
1058.919984  	77.967091 
1060.848800  	81.488236 
1062.777616  	83.757148 
1064.706432  	84.187028 
1066.635248  	83.148802 
1068.564064  	80.854243 
1070.492880  	77.189603 
1072.421696  	72.724573 
1074.350512  	68.946462 
1076.279328  	67.086309 
1078.208144  	67.635678 
1080.136960  	70.846687 
1082.065776  	75.327365 
1083.994592  	78.590024 
1085.923408  	79.383926 
1087.852224  	78.057611 
1089.781040  	75.807156 
1091.709856  	75.321826 
1093.638672  	78.633897 
1095.567488  	83.558090 
1097.496304  	87.038199 
1099.425120  	88.830151 
1101.353936  	89.561039 
1103.282752  	89.688156 
1105.211568  	89.459432 
1107.140384  	88.891461 
1109.069200  	87.919386 
1110.998016  	86.498087 
1112.926832  	84.370700 
1114.855648  	81.487443 
1116.784464  	77.937625 
1118.713280  	74.381150 
1120.642096  	72.077609 
1122.570912  	72.052860 
1124.499728  	73.967855 
1126.428544  	76.459353 
1128.357360  	78.008630 
1130.286176  	78.400230 
1132.214992  	78.666005 
1134.143808  	79.843615 
1136.072624  	81.345993 
1138.001440  	81.656597 
1139.930256  	80.297814 
1141.859072  	77.563175 
1143.787888  	73.867222 
1145.716704  	69.792789 
1147.645520  	66.691845 
1149.574336  	66.513974 
1151.503152  	69.185093 
1153.431968  	72.597923 
1155.360784  	75.286240 
1157.289600  	77.410603 
1159.218416  	79.585472 
1161.147232  	81.447104 
1163.076048  	82.449262 
1165.004864  	82.673223 
1166.933680  	82.399451 
1168.862496  	81.766201 
1170.791312  	80.739335 
1172.720128  	79.147307 
1174.648944  	77.105349 
1176.577760  	75.914457 
1178.506576  	76.175495 
1180.435392  	76.600408 
1182.364208  	75.867417 
1184.293024  	74.564373 
1186.221840  	73.472598 
1188.150656  	72.087683 
1190.079472  	69.560883 
1192.008288  	65.640631 
1193.937104  	60.102527 
1195.865920  	52.772513 
1197.794736  	43.778554 
1199.723552  	34.575052 
1201.652368  	26.582580 
1203.581184  	20.378536 
1205.510000  	14.955403 
1207.438816  	10.577835 
1209.367632  	10.000000 
1211.296448  	17.172383 
1213.225264  	31.928299 
1215.154080  	48.842912 
1217.082896  	61.166133 
1219.011712  	67.217635 
1220.940528  	68.875770 
1222.869344  	68.059798 
1224.798160  	67.326123 
1226.726976  	69.500594 
1228.655792  	73.846074 
1230.584608  	77.776796 
1232.513424  	80.337885 
1234.442240  	81.892463 
1236.371056  	82.815222 
1238.299872  	83.209576 
1240.228688  	83.166363 
1242.157504  	83.262032 
1244.086320  	84.115256 
1246.015136  	85.317910 
1247.943952  	86.147042 
1249.872768  	86.442089 
1251.801584  	86.328542 
1253.730400  	86.001515 
1255.659216  	85.445674 
1257.588032  	84.708864 
1259.516848  	83.840647 
1261.445664  	82.919910 
1263.374480  	81.877823 
1265.303296  	80.639930 
1267.232112  	79.072753 
1269.160928  	76.850145 
1271.089744  	73.495799 
1273.018560  	68.487583 
1274.947376  	61.656227 
1276.876192  	54.189746 
1278.805008  	49.460379 
1280.733824  	50.430686 
1282.662640  	55.531953 
1284.591456  	60.522436 
1286.520272  	62.534145 
1288.449088  	60.899687 
1290.377904  	56.384320 
1292.306720  	51.381602 
1294.235536  	47.956245 
1296.164352  	46.161674 
1298.093168  	46.532103 
1300.021984  	50.913489 
1301.950800  	58.181220 
1303.879616  	65.246605 
1305.808432  	70.129902 
1307.737248  	73.404846 
1309.666064  	76.190853 
1311.594880  	78.274101 
1313.523696  	80.272961 
1315.452512  	82.191130 
1317.381328  	83.562749 
1319.310144  	84.735830 
1321.238960  	85.158727 
1323.167776  	87.029272 
1325.096592  	87.656166 
1327.025408  	87.804837 
1328.954224  	87.177735 
1330.883040  	86.208631 
1332.811856  	84.594611 
1334.740672  	81.848574 
1336.669488  	78.504351 
1338.598304  	76.546694 
1340.527120  	77.254563 
1342.455936  	78.797465 
1344.384752  	79.172754 
1346.313568  	78.134091 
1348.242384  	75.742764 
1350.171200  	72.244016 
1352.100016  	68.105264 
1354.028832  	64.013519 
1355.957648  	60.894350 
1357.886464  	60.297862 
1359.815280  	62.360935 
1361.744096  	65.837247 
1363.672912  	69.158806 
1365.601728  	71.619783 
1367.530544  	73.658541 
1369.459360  	74.909636 
1371.388176  	74.206004 
1373.316992  	71.464718 
1375.245808  	67.263118 
1377.174624  	65.266109 
1379.103440  	66.810269 
1381.032256  	70.664871 
1382.961072  	74.265539 
1384.889888  	76.719806 
1386.818704  	78.158703 
1388.747520  	78.969987 
1390.676336  	79.006930 
1392.605152  	78.094756 
1394.533968  	77.261056 
1396.462784  	76.617626 
1398.391600  	75.867106 
1400.320416  	74.348268 
1402.249232  	72.435657 
1404.178048  	68.446274 
1406.106864  	64.504351 
1408.035680  	66.448525 
1409.964496  	72.046125 
1411.893312  	75.759245 
1413.822128  	78.018505 
1415.750944  	78.875131 
1417.679760  	78.965200 
1419.608576  	79.197344 
1421.537392  	79.551379 
1423.466208  	80.003303 
1425.395024  	80.712552 
1427.323840  	81.302961 
1429.252656  	81.774427 
1431.181472  	82.282416 
1433.110288  	82.758566 
1435.039104  	83.156783 
1436.967920  	83.503738 
1438.896736  	83.575110 
1440.825552  	83.669322 
1442.754368  	83.746254 
1444.683184  	83.669687 
1446.612000  	83.814402 
1448.540816  	84.451518 
1450.469632  	85.161820 
1452.398448  	85.725813 
1454.327264  	86.092387 
1456.256080  	86.401398 
1458.184896  	86.399062 
1460.113712  	86.378178 
1462.042528  	86.043446 
1463.971344  	85.255218 
1465.900160  	83.869896 
1467.828976  	82.792941 
1469.757792  	82.394116 
1471.686608  	83.090456 
1473.615424  	85.391625 
1475.544240  	87.555535 
1477.473056  	89.615233 
1479.401872  	90.933950 
1481.330688  	91.845906 
1483.259504  	92.480582 
1485.188320  	92.698253 
1487.117136  	92.711035 
1489.045952  	92.662598 
1490.974768  	92.763932 
1492.903584  	92.971038 
1494.832400  	93.195290 
1496.761216  	93.493495 
1498.690032  	93.772310 
1500.618848  	93.973650 
1502.547664  	94.110452 
1504.476480  	94.185237 
1506.405296  	93.913605 
1508.334112  	93.749157 
1510.262928  	93.850668 
1512.191744  	93.921775 
1514.120560  	93.848447 
1516.049376  	93.665457 
1517.978192  	93.566034 
1519.907008  	93.573121 
1521.835824  	93.417656 
1523.764640  	93.335421 
1525.693456  	93.256982 
1527.622272  	93.178952 
1529.551088  	93.129251 
1531.479904  	92.960478 
1533.408720  	92.725422 
1535.337536  	92.573364 
1537.266352  	92.474389 
1539.195168  	92.163680 
1541.123984  	91.809693 
1543.052800  	91.621233 
1544.981616  	91.337190 
1546.910432  	91.093218 
1548.839248  	90.614957 
1550.768064  	90.212367 
1552.696880  	90.380140 
1554.625696  	90.654420 
1556.554512  	90.972271 
1558.483328  	90.998658 
1560.412144  	91.450488 
1562.340960  	91.196579 
1564.269776  	90.805829 
1566.198592  	90.363967 
1568.127408  	89.987556 
1570.056224  	89.517202 
1571.985040  	89.418119 
1573.913856  	89.458261 
1575.842672  	89.622326 
1577.771488  	89.742762 
1579.700304  	89.759068 
1581.629120  	89.636738 
1583.557936  	89.383258 
1585.486752  	89.079925 
1587.415568  	88.786527 
1589.344384  	88.626982 
1591.273200  	88.582674 
1593.202016  	88.541373 
1595.130832  	88.509462 
1597.059648  	88.505150 
1598.988464  	88.473535 
1600.917280  	88.219980 
1602.846096  	87.933768 
1604.774912  	87.680492 
1606.703728  	87.358606 
1608.632544  	86.944301 
1610.561360  	86.430590 
1612.490176  	85.587409 
1614.418992  	84.584511 
1616.347808  	83.099143 
1618.276624  	81.520376 
1620.205440  	80.715684 
1622.134256  	80.362912 
1624.063072  	80.581518 
1625.991888  	81.180035 
1627.920704  	81.693413 
1629.849520  	81.994930 
1631.778336  	81.977075 
1633.707152  	81.343800 
1635.635968  	81.113756 
1637.564784  	81.031107 
1639.493600  	80.966995 
1641.422416  	80.804896 
1643.351232  	80.201978 
1645.280048  	79.192925 
1647.208864  	76.380028 
1649.137680  	73.213992 
1651.066496  	70.623116 
1652.995312  	63.626229 
1654.924128  	51.999041 
1656.852944  	43.828051 
1658.781760  	30.487623 
1660.710576  	18.282017 
1662.639392  	17.746513 
1664.568208  	32.382675 
1666.497024  	47.950323 
1668.425840  	62.820142 
1670.354656  	74.574228 
1672.283472  	79.747117 
1674.212288  	82.034317 
1676.141104  	83.590085 
1678.069920  	84.159701 
1679.998736  	83.966553 
1681.927552  	83.585540 
1683.856368  	82.512517 
1685.785184  	80.063442 
1687.714000  	77.713877 
1689.642816  	74.401553 
1691.571632  	72.415460 
1693.500448  	71.331880 
1695.429264  	71.757564 
1697.358080  	71.957740 
1699.286896  	71.426836 
1701.215712  	68.000984 
1703.144528  	64.276805 
1705.073344  	58.548854 
1707.002160  	50.978365 
1708.930976  	45.899068 
1710.859792  	43.800039 
1712.788608  	45.186660 
1714.717424  	50.142917 
1716.646240  	56.419613 
1718.575056  	64.971526 
1720.503872  	71.025634 
1722.432688  	74.340116 
1724.361504  	78.260740 
1726.290320  	82.268834 
1728.219136  	83.444577 
1730.147952  	84.618159 
1732.076768  	85.543581 
1734.005584  	86.582712 
1735.934400  	87.421157 
1737.863216  	87.744996 
1739.792032  	88.360179 
1741.720848  	88.853603 
1743.649664  	89.247710 
1745.578480  	89.681382 
1747.507296  	90.142419 
1749.436112  	90.673905 
1751.364928  	91.348907 
1753.293744  	92.033756 
1755.222560  	92.722738 
1757.151376  	93.308081 
1759.080192  	93.884563 
1761.009008  	94.379424 
1762.937824  	94.894190 
1764.866640  	95.311413 
1766.795456  	95.466459 
1768.724272  	95.547654 
1770.653088  	95.670849 
1772.581904  	95.792023 
1774.510720  	95.959264 
1776.439536  	96.082178 
1778.368352  	96.198934 
1780.297168  	96.240471 
1782.225984  	96.372648 
1784.154800  	96.495264 
1786.083616  	96.587627 
1788.012432  	96.619583 
1789.941248  	96.586465 
1791.870064  	96.543097 
1793.798880  	96.605648 
1795.727696  	96.591046 
1797.656512  	96.629111 
1799.585328  	96.601832 
1801.514144  	96.566143 
1803.442960  	96.595824 
1805.371776  	96.629624 
1807.300592  	96.521482 
1809.229408  	96.463232 
1811.158224  	96.417546 
1813.087040  	96.557599 
1815.015856  	96.634887 
1816.944672  	96.746194 
1818.873488  	96.836860 
1820.802304  	96.928726 
1822.731120  	96.894588 
1824.659936  	96.871125 
1826.588752  	96.877805 
1828.517568  	96.896857 
1830.446384  	96.881875 
1832.375200  	97.038321 
1834.304016  	97.098474 
1836.232832  	97.137644 
1838.161648  	97.171757 
1840.090464  	97.290531 
1842.019280  	97.329398 
1843.948096  	97.379081 
1845.876912  	97.369246 
1847.805728  	97.439796 
1849.734544  	97.540412 
1851.663360  	97.612247 
1853.592176  	97.596545 
1855.520992  	97.632956 
1857.449808  	97.661033 
1859.378624  	97.654407 
1861.307440  	97.560518 
1863.236256  	97.685762 
1865.165072  	97.693204 
1867.093888  	97.606983 
1869.022704  	97.523990 
1870.951520  	97.762281 
1872.880336  	97.832340 
1874.809152  	97.917656 
1876.737968  	97.970085 
1878.666784  	98.022422 
1880.595600  	98.061283 
1882.524416  	98.101800 
1884.453232  	97.997834 
1886.382048  	97.977271 
1888.310864  	97.949814 
1890.239680  	97.931302 
1892.168496  	97.876378 
1894.097312  	97.880185 
1896.026128  	97.909926 
1897.954944  	98.052043 
1899.883760  	98.026169 
1901.812576  	97.993064 
1903.741392  	97.930719 
1905.670208  	97.978965 
1907.599024  	97.941157 
1909.527840  	97.911146 
1911.456656  	97.886316 
1913.385472  	98.004677 
1915.314288  	97.935574 
1917.243104  	97.965202 
1919.171920  	97.904038 
1921.100736  	97.755239 
1923.029552  	97.598940 
1924.958368  	98.100425 
1926.887184  	98.147010 
1928.816000  	98.085147 
1930.744816  	98.104794 
1932.673632  	98.201513 
1934.602448  	98.190208 
1936.531264  	98.386667 
1938.460080  	98.525965 
1940.388896  	98.572714 
1942.317712  	98.379878 
1944.246528  	98.626015 
1946.175344  	98.693196 
1948.104160  	98.793731 
1950.032976  	98.755966 
1951.961792  	98.514600 
1953.890608  	98.255861 
1955.819424  	98.377855 
1957.748240  	98.708664 
1959.677056  	98.940379 
1961.605872  	98.625895 
1963.534688  	98.985995 
1965.463504  	99.422559 
1967.392320  	99.536012 
1969.321136  	99.378715 
1971.249952  	99.666447 
1973.178768  	99.923109 
1975.107584  	99.755626 
1977.036400  	99.523569 
1978.965216  	99.402745 
1980.894032  	98.970713 
1982.822848  	99.201668 
1984.751664  	98.739560 
1986.680480  	98.474049 
1988.609296  	98.284483 
1990.538112  	98.589989 
1992.466928  	98.555307 
1994.395744  	98.600102 
1996.324560  	98.660990 
1998.253376  	99.119857 
2000.182192  	98.787477 
2002.111008  	98.573555 
2004.039824  	98.583064 
2005.968640  	99.122682 
2007.897456  	99.241620 
2009.826272  	99.376582 
2011.755088  	99.107437 
2013.683904  	98.857583 
2015.612720  	98.707690 
2017.541536  	98.944965 
2019.470352  	99.096427 
2021.399168  	99.362959 
2023.327984  	99.152124 
2025.256800  	99.011515 
2027.185616  	98.833980 
2029.114432  	98.894707 
2031.043248  	99.031127 
2032.972064  	99.394842 
2034.900880  	98.753731 
2036.829696  	98.524981 
2038.758512  	98.419005 
2040.687328  	98.455095 
2042.616144  	98.377310 
2044.544960  	98.627771 
2046.473776  	98.545080 
2048.402592  	98.309534 
2050.331408  	97.923212 
2052.260224  	97.920908 
2054.189040  	97.941298 
2056.117856  	97.865901 
2058.046672  	97.823464 
2059.975488  	98.049083 
2061.904304  	98.161456 
2063.833120  	98.136242 
2065.761936  	97.950225 
2067.690752  	97.956889 
2069.619568  	97.889766 
2071.548384  	98.066572 
2073.477200  	98.129006 
2075.406016  	98.017718 
2077.334832  	97.810329 
2079.263648  	97.756069 
2081.192464  	97.836940 
2083.121280  	97.903753 
2085.050096  	97.809871 
2086.978912  	97.728661 
2088.907728  	97.714877 
2090.836544  	97.917456 
2092.765360  	98.038158 
2094.694176  	98.058619 
2096.622992  	97.961663 
2098.551808  	97.959173 
2100.480624  	97.848027 
2102.409440  	97.995903 
2104.338256  	98.003885 
2106.267072  	98.024686 
2108.195888  	98.027667 
2110.124704  	98.008798 
2112.053520  	97.894435 
2113.982336  	97.872194 
2115.911152  	97.903767 
2117.839968  	97.931398 
2119.768784  	97.723802 
2121.697600  	97.833028 
2123.626416  	97.918984 
2125.555232  	98.045530 
2127.484048  	98.021299 
2129.412864  	98.052797 
2131.341680  	98.041850 
2133.270496  	98.179325 
2135.199312  	98.117735 
2137.128128  	98.208863 
2139.056944  	98.107767 
2140.985760  	98.269190 
2142.914576  	98.298573 
2144.843392  	98.713993 
2146.772208  	98.838323 
2148.701024  	98.700778 
2150.629840  	98.423230 
2152.558656  	98.543489 
2154.487472  	98.673690 
2156.416288  	99.094577 
2158.345104  	99.060356 
2160.273920  	99.379043 
2162.202736  	99.027439 
2164.131552  	98.751053 
2166.060368  	99.048236 
2167.989184  	99.344185 
2169.918000  	98.879115 
2171.846816  	98.479117 
2173.775632  	98.202589 
2175.704448  	98.172850 
2177.633264  	98.188007 
2179.562080  	98.051832 
2181.490896  	98.151744 
2183.419712  	98.576578 
2185.348528  	98.284201 
2187.277344  	97.897866 
2189.206160  	98.047833 
2191.134976  	98.376661 
2193.063792  	98.129208 
2194.992608  	97.765416 
2196.921424  	97.518163 
2198.850240  	97.480636 
2200.779056  	97.702218 
2202.707872  	97.990207 
2204.636688  	97.778018 
2206.565504  	97.692500 
2208.494320  	97.630958 
2210.423136  	97.712384 
2212.351952  	97.692584 
2214.280768  	97.739566 
2216.209584  	97.786348 
2218.138400  	97.731151 
2220.067216  	97.655186 
2221.996032  	97.531327 
2223.924848  	97.465094 
2225.853664  	97.605949 
2227.782480  	97.470319 
2229.711296  	97.382100 
2231.640112  	97.388550 
2233.568928  	97.487948 
2235.497744  	97.532445 
2237.426560  	97.674638 
2239.355376  	97.739570 
2241.284192  	97.550891 
2243.213008  	97.063829 
2245.141824  	96.941659 
2247.070640  	97.058288 
2248.999456  	97.150696 
2250.928272  	97.103765 
2252.857088  	97.207546 
2254.785904  	97.274671 
2256.714720  	97.309713 
2258.643536  	97.249550 
2260.572352  	97.278190 
2262.501168  	97.226912 
2264.429984  	97.119872 
2266.358800  	97.057219 
2268.287616  	97.062977 
2270.216432  	96.986096 
2272.145248  	97.087887 
2274.074064  	97.048030 
2276.002880  	96.923699 
2277.931696  	96.757540 
2279.860512  	96.780365 
2281.789328  	96.841338 
2283.718144  	96.784737 
2285.646960  	96.689283 
2287.575776  	96.701453 
2289.504592  	96.720184 
2291.433408  	96.776269 
2293.362224  	96.763367 
2295.291040  	96.689515 
2297.219856  	96.607261 
2299.148672  	96.614330 
2301.077488  	96.640961 
2303.006304  	96.683098 
2304.935120  	96.674490 
2306.863936  	96.644738 
2308.792752  	96.633633 
2310.721568  	96.619278 
2312.650384  	96.550550 
2314.579200  	96.503516 
2316.508016  	96.507255 
2318.436832  	96.508580 
2320.365648  	96.451794 
2322.294464  	96.397401 
2324.223280  	96.339537 
2326.152096  	96.344534 
2328.080912  	96.369475 
2330.009728  	96.410067 
2331.938544  	96.330810 
2333.867360  	96.295543 
2335.796176  	96.234841 
2337.724992  	96.238063 
2339.653808  	96.274093 
2341.582624  	96.277981 
2343.511440  	96.239862 
2345.440256  	96.247323 
2347.369072  	96.191606 
2349.297888  	96.187615 
2351.226704  	96.198970 
2353.155520  	96.195816 
2355.084336  	96.142758 
2357.013152  	96.193392 
2358.941968  	96.258576 
2360.870784  	96.280165 
2362.799600  	96.251537 
2364.728416  	96.196238 
2366.657232  	96.207452 
2368.586048  	96.202365 
2370.514864  	96.198331 
2372.443680  	96.222800 
2374.372496  	96.218749 
2376.301312  	96.233703 
2378.230128  	96.203752 
2380.158944  	96.206183 
2382.087760  	96.215145 
2384.016576  	96.220589 
2385.945392  	96.232438 
2387.874208  	96.182291 
2389.803024  	96.086085 
2391.731840  	96.081904 
2393.660656  	96.081158 
2395.589472  	95.996853 
2397.518288  	95.969441 
2399.447104  	96.008752 
2401.375920  	96.076882 
2403.304736  	96.141611 
2405.233552  	96.192955 
2407.162368  	96.264860 
2409.091184  	96.322393 
2411.020000  	96.280125 
2412.948816  	96.248608 
2414.877632  	96.246733 
2416.806448  	96.175897 
2418.735264  	96.120268 
2420.664080  	96.060265 
2422.592896  	96.015637 
2424.521712  	95.994401 
2426.450528  	96.023272 
2428.379344  	95.936267 
2430.308160  	95.836164 
2432.236976  	95.788957 
2434.165792  	95.813660 
2436.094608  	95.803776 
2438.023424  	95.874445 
2439.952240  	95.918813 
2441.881056  	95.927025 
2443.809872  	95.857207 
2445.738688  	95.784317 
2447.667504  	95.824238 
2449.596320  	95.797232 
2451.525136  	95.776739 
2453.453952  	95.713240 
2455.382768  	95.584059 
2457.311584  	95.582760 
2459.240400  	95.444310 
2461.169216  	95.384082 
2463.098032  	95.409540 
2465.026848  	95.359081 
2466.955664  	95.223226 
2468.884480  	95.162627 
2470.813296  	95.134406 
2472.742112  	95.057401 
2474.670928  	94.998948 
2476.599744  	94.960135 
2478.528560  	94.905477 
2480.457376  	94.844616 
2482.386192  	94.860182 
2484.315008  	94.950423 
2486.243824  	94.968424 
2488.172640  	94.951835 
2490.101456  	94.941488 
2492.030272  	94.931651 
2493.959088  	94.938195 
2495.887904  	94.981223 
2497.816720  	94.957084 
2499.745536  	94.981815 
2501.674352  	95.075938 
2503.603168  	95.057354 
2505.531984  	94.916407 
2507.460800  	94.803189 
2509.389616  	94.754024 
2511.318432  	94.729905 
2513.247248  	94.747491 
2515.176064  	94.738064 
2517.104880  	94.604089 
2519.033696  	94.551530 
2520.962512  	94.537524 
2522.891328  	94.473893 
2524.820144  	94.395956 
2526.748960  	94.314554 
2528.677776  	94.254316 
2530.606592  	94.244354 
2532.535408  	94.280195 
2534.464224  	94.249527 
2536.393040  	94.174415 
2538.321856  	94.163842 
2540.250672  	94.168903 
2542.179488  	94.258652 
2544.108304  	94.326597 
2546.037120  	94.330587 
2547.965936  	94.331973 
2549.894752  	94.329923 
2551.823568  	94.265032 
2553.752384  	94.312623 
2555.681200  	94.370150 
2557.610016  	94.465260 
2559.538832  	94.462329 
2561.467648  	94.446975 
2563.396464  	94.482015 
2565.325280  	94.474490 
2567.254096  	94.377247 
2569.182912  	94.305722 
2571.111728  	94.278943 
2573.040544  	94.242181 
2574.969360  	94.193989 
2576.898176  	94.183436 
2578.826992  	94.152836 
2580.755808  	94.162233 
2582.684624  	94.135082 
2584.613440  	94.124232 
2586.542256  	94.058774 
2588.471072  	94.023352 
2590.399888  	93.993307 
2592.328704  	93.930010 
2594.257520  	93.844733 
2596.186336  	93.772018 
2598.115152  	93.618052 
2600.043968  	93.490116 
2601.972784  	93.456164 
2603.901600  	93.365915 
2605.830416  	93.237709 
2607.759232  	93.220776 
2609.688048  	93.250708 
2611.616864  	93.248847 
2613.545680  	93.193677 
2615.474496  	93.220426 
2617.403312  	93.263321 
2619.332128  	93.224409 
2621.260944  	93.201327 
2623.189760  	93.220055 
2625.118576  	93.198465 
2627.047392  	93.203251 
2628.976208  	93.262630 
2630.905024  	93.286304 
2632.833840  	93.320997 
2634.762656  	93.386790 
2636.691472  	93.421000 
2638.620288  	93.423506 
2640.549104  	93.435911 
2642.477920  	93.489660 
2644.406736  	93.584118 
2646.335552  	93.617481 
2648.264368  	93.574912 
2650.193184  	93.593055 
2652.122000  	93.626692 
2654.050816  	93.615761 
2655.979632  	93.586306 
2657.908448  	93.581208 
2659.837264  	93.547256 
2661.766080  	93.495948 
2663.694896  	93.463400 
2665.623712  	93.450313 
2667.552528  	93.421957 
2669.481344  	93.366447 
2671.410160  	93.252294 
2673.338976  	93.139121 
2675.267792  	93.030530 
2677.196608  	92.910490 
2679.125424  	92.811707 
2681.054240  	92.722842 
2682.983056  	92.643871 
2684.911872  	92.569495 
2686.840688  	92.510643 
2688.769504  	92.467365 
2690.698320  	92.459726 
2692.627136  	92.478598 
2694.555952  	92.519893 
2696.484768  	92.621771 
2698.413584  	92.733325 
2700.342400  	92.819532 
2702.271216  	92.873366 
2704.200032  	92.946924 
2706.128848  	93.021991 
2708.057664  	93.086735 
2709.986480  	93.136603 
2711.915296  	93.175672 
2713.844112  	93.194985 
2715.772928  	93.196933 
2717.701744  	93.210510 
2719.630560  	93.212023 
2721.559376  	93.150611 
2723.488192  	93.077214 
2725.417008  	93.039474 
2727.345824  	93.017261 
2729.274640  	92.958328 
2731.203456  	92.915630 
2733.132272  	92.826456 
2735.061088  	92.740969 
2736.989904  	92.655123 
2738.918720  	92.600006 
2740.847536  	92.534686 
2742.776352  	92.433643 
2744.705168  	92.341440 
2746.633984  	92.266502 
2748.562800  	92.225928 
2750.491616  	92.228726 
2752.420432  	92.242833 
2754.349248  	92.256077 
2756.278064  	92.282484 
2758.206880  	92.291308 
2760.135696  	92.289917 
2762.064512  	92.322697 
2763.993328  	92.365305 
2765.922144  	92.396887 
2767.850960  	92.408514 
2769.779776  	92.431227 
2771.708592  	92.432374 
2773.637408  	92.417004 
2775.566224  	92.385579 
2777.495040  	92.355235 
2779.423856  	92.329774 
2781.352672  	92.303004 
2783.281488  	92.254867 
2785.210304  	92.174639 
2787.139120  	92.126135 
2789.067936  	92.039078 
2790.996752  	91.905309 
2792.925568  	91.824756 
2794.854384  	91.801748 
2796.783200  	91.765629 
2798.712016  	91.733198 
2800.640832  	91.740519 
2802.569648  	91.714888 
2804.498464  	91.675438 
2806.427280  	91.662649 
2808.356096  	91.662599 
2810.284912  	91.701942 
2812.213728  	91.738807 
2814.142544  	91.726046 
2816.071360  	91.709704 
2818.000176  	91.741988 
2819.928992  	91.776711 
2821.857808  	91.732249 
2823.786624  	91.681662 
2825.715440  	91.613518 
2827.644256  	91.506972 
2829.573072  	91.356544 
2831.501888  	91.218392 
2833.430704  	91.067260 
2835.359520  	90.899871 
2837.288336  	90.725765 
2839.217152  	90.582242 
2841.145968  	90.409183 
2843.074784  	90.141821 
2845.003600  	89.849181 
2846.932416  	89.556253 
2848.861232  	89.228197 
2850.790048  	88.878082 
2852.718864  	88.513097 
2854.647680  	88.137202 
2856.576496  	87.861278 
2858.505312  	87.750301 
2860.434128  	87.764827 
2862.362944  	87.866067 
2864.291760  	87.983934 
2866.220576  	88.107168 
2868.149392  	88.207126 
2870.078208  	88.291709 
2872.007024  	88.394663 
2873.935840  	88.501132 
2875.864656  	88.541166 
2877.793472  	88.598623 
2879.722288  	88.667140 
2881.651104  	88.691417 
2883.579920  	88.712147 
2885.508736  	88.715685 
2887.437552  	88.639909 
2889.366368  	88.472392 
2891.295184  	88.308420 
2893.224000  	88.014798 
2895.152816  	87.580864 
2897.081632  	87.033563 
2899.010448  	86.430886 
2900.939264  	85.936562 
2902.868080  	85.619547 
2904.796896  	85.416317 
2906.725712  	85.189158 
2908.654528  	84.895264 
2910.583344  	84.587121 
2912.512160  	84.364186 
2914.440976  	84.236552 
2916.369792  	84.229006 
2918.298608  	84.404454 
2920.227424  	84.693000 
2922.156240  	85.050849 
2924.085056  	85.418996 
2926.013872  	85.706981 
2927.942688  	85.858485 
2929.871504  	85.844004 
2931.800320  	85.844315 
2933.729136  	85.909785 
2935.657952  	85.968702 
2937.586768  	86.060106 
2939.515584  	86.176076 
2941.444400  	86.249954 
2943.373216  	86.320131 
2945.302032  	86.434265 
2947.230848  	86.585324 
2949.159664  	86.821262 
2951.088480  	87.003407 
2953.017296  	87.141205 
2954.946112  	87.267538 
2956.874928  	87.418837 
2958.803744  	87.567226 
2960.732560  	87.658223 
2962.661376  	87.713243 
2964.590192  	87.762731 
2966.519008  	87.793125 
2968.447824  	87.779920 
2970.376640  	87.781814 
2972.305456  	87.795999 
2974.234272  	87.796345 
2976.163088  	87.835233 
2978.091904  	87.929131 
2980.020720  	88.022489 
2981.949536  	88.110194 
2983.878352  	88.215790 
2985.807168  	88.365520 
2987.735984  	88.561908 
2989.664800  	88.707393 
2991.593616  	88.810826 
2993.522432  	88.918947 
2995.451248  	88.989097 
2997.380064  	89.046943 
2999.308880  	89.126801 
3001.237696  	89.198271 
3003.166512  	89.207427 
3005.095328  	89.185415 
3007.024144  	89.170498 
3008.952960  	89.077439 
3010.881776  	88.957988 
3012.810592  	88.883542 
3014.739408  	88.872259 
3016.668224  	88.918681 
3018.597040  	89.005008 
3020.525856  	89.189312 
3022.454672  	89.408128 
3024.383488  	89.550715 
3026.312304  	89.631834 
3028.241120  	89.704256 
3030.169936  	89.646098 
3032.098752  	89.574654 
3034.027568  	89.522687 
3035.956384  	89.391243 
3037.885200  	89.302628 
3039.814016  	89.333693 
3041.742832  	89.447203 
3043.671648  	89.602181 
3045.600464  	89.740384 
3047.529280  	89.871299 
3049.458096  	89.999715 
3051.386912  	90.080963 
3053.315728  	90.103721 
3055.244544  	90.186113 
3057.173360  	90.190574 
3059.102176  	90.132323 
3061.030992  	90.109881 
3062.959808  	90.149808 
3064.888624  	90.172709 
3066.817440  	90.217954 
3068.746256  	90.270534 
3070.675072  	90.267687 
3072.603888  	90.293591 
3074.532704  	90.314689 
3076.461520  	90.331269 
3078.390336  	90.312624 
3080.319152  	90.371507 
3082.247968  	90.464141 
3084.176784  	90.501896 
3086.105600  	90.499241 
3088.034416  	90.467780 
3089.963232  	90.403984 
3091.892048  	90.286052 
3093.820864  	90.072288 
3095.749680  	89.860924 
3097.678496  	89.802209 
3099.607312  	89.788745 
3101.536128  	89.752585 
3103.464944  	89.834223 
3105.393760  	90.048757 
3107.322576  	90.277440 
3109.251392  	90.506895 
3111.180208  	90.742792 
3113.109024  	90.892856 
3115.037840  	90.990236 
3116.966656  	91.091309 
3118.895472  	91.228024 
3120.824288  	91.390026 
3122.753104  	91.506179 
3124.681920  	91.629246 
3126.610736  	91.716429 
3128.539552  	91.804153 
3130.468368  	91.939951 
3132.397184  	91.983192 
3134.326000  	92.033452 
3136.254816  	92.164844 
3138.183632  	92.304663 
3140.112448  	92.336855 
3142.041264  	92.341075 
3143.970080  	92.335750 
3145.898896  	92.293147 
3147.827712  	92.249298 
3149.756528  	92.226893 
3151.685344  	92.230420 
3153.614160  	92.252824 
3155.542976  	92.313471 
3157.471792  	92.308878 
3159.400608  	92.288030 
3161.329424  	92.297106 
3163.258240  	92.436715 
3165.187056  	92.645690 
3167.115872  	92.791544 
3169.044688  	92.896246 
3170.973504  	93.019153 
3172.902320  	93.210231 
3174.831136  	93.315810 
3176.759952  	93.337159 
3178.688768  	93.370185 
3180.617584  	93.491351 
3182.546400  	93.640461 
3184.475216  	93.636412 
3186.404032  	93.657927 
3188.332848  	93.735616 
3190.261664  	93.800933 
3192.190480  	93.909322 
3194.119296  	93.926276 
3196.048112  	93.833191 
3197.976928  	93.831541 
3199.905744  	93.907007 
3201.834560  	93.959564 
3203.763376  	94.083921 
3205.692192  	94.145726 
3207.621008  	94.104715 
3209.549824  	94.145777 
3211.478640  	94.225142 
3213.407456  	94.288360 
3215.336272  	94.249281 
3217.265088  	94.265520 
3219.193904  	94.282708 
3221.122720  	94.304864 
3223.051536  	94.313359 
3224.980352  	94.328917 
3226.909168  	94.329181 
3228.837984  	94.483696 
3230.766800  	94.706929 
3232.695616  	94.717933 
3234.624432  	94.690071 
3236.553248  	94.648476 
3238.482064  	94.707308 
3240.410880  	94.795056 
3242.339696  	94.823168 
3244.268512  	94.857953 
3246.197328  	94.861983 
3248.126144  	94.928857 
3250.054960  	94.955728 
3251.983776  	94.896462 
3253.912592  	94.882630 
3255.841408  	94.900626 
3257.770224  	94.993819 
3259.699040  	95.108253 
3261.627856  	95.098492 
3263.556672  	95.085751 
3265.485488  	95.173821 
3267.414304  	95.255032 
3269.343120  	95.264304 
3271.271936  	95.210068 
3273.200752  	95.103279 
3275.129568  	95.122102 
3277.058384  	95.198976 
3278.987200  	95.255706 
3280.916016  	95.277197 
3282.844832  	95.321350 
3284.773648  	95.358827 
3286.702464  	95.306197 
3288.631280  	95.268321 
3290.560096  	95.219822 
3292.488912  	95.122356 
3294.417728  	95.060020 
3296.346544  	95.019044 
3298.275360  	95.059880 
3300.204176  	95.077503 
3302.132992  	95.101293 
3304.061808  	95.223196 
3305.990624  	95.377260 
3307.919440  	95.378062 
3309.848256  	95.450093 
3311.777072  	95.676152 
3313.705888  	95.676822 
3315.634704  	95.685084 
3317.563520  	95.788920 
3319.492336  	95.857490 
3321.421152  	95.892568 
3323.349968  	95.853532 
3325.278784  	95.807824 
3327.207600  	95.811886 
3329.136416  	95.864459 
3331.065232  	95.876930 
3332.994048  	95.885813 
3334.922864  	95.812175 
3336.851680  	95.682245 
3338.780496  	95.678318 
3340.709312  	95.781120 
3342.638128  	95.828762 
3344.566944  	95.766845 
3346.495760  	95.703208 
3348.424576  	95.741275 
3350.353392  	95.784004 
3352.282208  	95.779099 
3354.211024  	95.756365 
3356.139840  	95.702611 
3358.068656  	95.698170 
3359.997472  	95.659411 
3361.926288  	95.618613 
3363.855104  	95.582762 
3365.783920  	95.567792 
3367.712736  	95.700738 
3369.641552  	95.849795 
3371.570368  	95.867182 
3373.499184  	95.829700 
3375.428000  	95.802706 
3377.356816  	95.810853 
3379.285632  	95.871166 
3381.214448  	95.763160 
3383.143264  	95.717788 
3385.072080  	95.831682 
3387.000896  	95.904533 
3388.929712  	95.839387 
3390.858528  	95.785860 
3392.787344  	95.774974 
3394.716160  	95.752966 
3396.644976  	95.761345 
3398.573792  	95.842094 
3400.502608  	95.802983 
3402.431424  	95.836940 
3404.360240  	95.853047 
3406.289056  	95.819384 
3408.217872  	95.870197 
3410.146688  	95.939754 
3412.075504  	95.879067 
3414.004320  	95.901225 
3415.933136  	96.007642 
3417.861952  	95.949340 
3419.790768  	95.784331 
3421.719584  	95.826686 
3423.648400  	95.914339 
3425.577216  	96.005418 
3427.506032  	95.985499 
3429.434848  	95.951158 
3431.363664  	95.919986 
3433.292480  	96.044090 
3435.221296  	95.998426 
3437.150112  	95.876128 
3439.078928  	95.851518 
3441.007744  	95.847241 
3442.936560  	95.854820 
3444.865376  	95.884418 
3446.794192  	95.731256 
3448.723008  	95.724192 
3450.651824  	95.840614 
3452.580640  	95.902570 
3454.509456  	96.006097 
3456.438272  	96.029768 
3458.367088  	95.948380 
3460.295904  	95.813449 
3462.224720  	95.850269 
3464.153536  	95.909557 
3466.082352  	95.865932 
3468.011168  	95.927219 
3469.939984  	95.986332 
3471.868800  	95.870610 
3473.797616  	95.790875 
3475.726432  	95.808563 
3477.655248  	95.808366 
3479.584064  	95.758045 
3481.512880  	95.717939 
3483.441696  	95.750322 
3485.370512  	95.870633 
3487.299328  	95.864019 
3489.228144  	95.839838 
3491.156960  	95.951412 
3493.085776  	95.930552 
3495.014592  	95.840422 
3496.943408  	95.792953 
3498.872224  	95.779598 
3500.801040  	95.716437 
3502.729856  	95.624548 
3504.658672  	95.757530 
3506.587488  	95.895308 
3508.516304  	95.838891 
3510.445120  	95.801033 
3512.373936  	95.889400 
3514.302752  	95.955909 
3516.231568  	96.061219 
3518.160384  	96.030309 
3520.089200  	95.926725 
3522.018016  	95.811172 
3523.946832  	95.562545 
3525.875648  	95.495011 
3527.804464  	95.543584 
3529.733280  	95.729057 
3531.662096  	95.966368 
3533.590912  	96.156426 
3535.519728  	96.057598 
3537.448544  	95.968960 
3539.377360  	96.026012 
3541.306176  	95.960088 
3543.234992  	95.839430 
3545.163808  	95.869338 
3547.092624  	95.926319 
3549.021440  	95.988541 
3550.950256  	96.024993 
3552.879072  	95.914054 
3554.807888  	95.936531 
3556.736704  	95.971340 
3558.665520  	96.091738 
3560.594336  	96.098951 
3562.523152  	96.013717 
3564.451968  	95.859243 
3566.380784  	95.676229 
3568.309600  	95.799730 
3570.238416  	96.013977 
3572.167232  	96.107388 
3574.096048  	96.087600 
3576.024864  	96.132980 
3577.953680  	96.194924 
3579.882496  	96.125743 
3581.811312  	96.105195 
3583.740128  	96.155669 
3585.668944  	96.203509 
3587.597760  	96.177951 
3589.526576  	96.255022 
3591.455392  	96.209533 
3593.384208  	96.053088 
3595.313024  	96.076596 
3597.241840  	96.212993 
3599.170656  	96.222545 
3601.099472  	96.181587 
3603.028288  	96.180548 
3604.957104  	96.178530 
3606.885920  	96.154252 
3608.814736  	96.251040 
3610.743552  	96.331176 
3612.672368  	96.177415 
3614.601184  	95.907462 
3616.530000  	95.980230 
3618.458816  	96.155941 
3620.387632  	96.246715 
3622.316448  	96.288588 
3624.245264  	96.293740 
3626.174080  	96.267532 
3628.102896  	96.495035 
3630.031712  	96.322124 
3631.960528  	96.201786 
3633.889344  	96.290634 
3635.818160  	96.369857 
3637.746976  	96.371193 
3639.675792  	96.270831 
3641.604608  	96.285633 
3643.533424  	96.245912 
3645.462240  	96.225489 
3647.391056  	96.185442 
3649.319872  	96.404351 
3651.248688  	96.492271 
3653.177504  	96.375624 
3655.106320  	96.596973 
3657.035136  	96.668636 
3658.963952  	96.530584 
3660.892768  	96.531490 
3662.821584  	96.675282 
3664.750400  	96.687870 
3666.679216  	96.632051 
3668.608032  	96.741047 
3670.536848  	96.738511 
3672.465664  	96.577144 
3674.394480  	96.789303 
3676.323296  	96.682231 
3678.252112  	96.578683 
3680.180928  	96.590134 
3682.109744  	96.614150 
3684.038560  	96.678405 
3685.967376  	96.766511 
3687.896192  	97.008747 
3689.825008  	96.808645 
3691.753824  	96.743672 
3693.682640  	96.789463 
3695.611456  	96.764813 
3697.540272  	96.664980 
3699.469088  	96.767948 
3701.397904  	96.903712 
3703.326720  	96.858812 
3705.255536  	96.864499 
3707.184352  	96.889498 
3709.113168  	96.743346 
3711.041984  	96.535878 
3712.970800  	96.635240 
3714.899616  	96.545560 
3716.828432  	96.623513 
3718.757248  	96.673659 
3720.686064  	96.743272 
3722.614880  	96.754360 
3724.543696  	96.767802 
3726.472512  	96.915963 
3728.401328  	96.666293 
3730.330144  	96.691204 
3732.258960  	96.759468 
3734.187776  	96.587845 
3736.116592  	96.533178 
3738.045408  	96.386748 
3739.974224  	96.235560 
3741.903040  	96.472727 
3743.831856  	97.604963 
3745.760672  	97.035813 
3747.689488  	96.530554 
3749.618304  	96.749208 
3751.547120  	96.718870 
3753.475936  	96.661733 
3755.404752  	96.546695 
3757.333568  	96.584946 
3759.262384  	96.541940 
3761.191200  	96.705421 
3763.120016  	96.764596 
3765.048832  	96.769058 
3766.977648  	96.495747 
3768.906464  	96.583935 
3770.835280  	96.586113 
3772.764096  	96.667719 
3774.692912  	96.785739 
3776.621728  	96.777407 
3778.550544  	96.783153 
3780.479360  	96.706010 
3782.408176  	96.665289 
3784.336992  	96.608123 
3786.265808  	96.528588 
3788.194624  	96.598845 
3790.123440  	96.648615 
3792.052256  	96.670379 
3793.981072  	96.613264 
3795.909888  	96.559109 
3797.838704  	96.306195 
3799.767520  	96.626512 
3801.696336  	96.685957 
3803.625152  	96.405418 
3805.553968  	96.656411 
3807.482784  	96.745371 
3809.411600  	96.615188 
3811.340416  	96.600545 
3813.269232  	96.608361 
3815.198048  	96.877201 
3817.126864  	96.549290 
3819.055680  	96.446148 
3820.984496  	96.613064 
3822.913312  	96.337012 
3824.842128  	96.285490 
3826.770944  	96.385798 
3828.699760  	96.396459 
3830.628576  	96.538560 
3832.557392  	96.572513 
3834.486208  	96.549530 
3836.415024  	96.600768 
3838.343840  	96.531993 
3840.272656  	96.324615 
3842.201472  	96.442947 
3844.130288  	96.484886 
3846.059104  	96.421652 
3847.987920  	96.394236 
3849.916736  	96.362264 
3851.845552  	96.775604 
3853.774368  	97.111852 
3855.703184  	96.614055 
3857.632000  	96.333405 
3859.560816  	96.488538 
3861.489632  	96.528466 
3863.418448  	96.485895 
3865.347264  	96.479897 
3867.276080  	96.422024 
3869.204896  	96.498106 
3871.133712  	96.238181 
3873.062528  	96.360736 
3874.991344  	96.447193 
3876.920160  	96.502430 
3878.848976  	96.636420 
3880.777792  	96.486550 
3882.706608  	96.304083 
3884.635424  	96.574808 
3886.564240  	96.600951 
3888.493056  	96.506388 
3890.421872  	96.582523 
3892.350688  	96.508122 
3894.279504  	96.442214 
3896.208320  	96.453030 
3898.137136  	96.561388 
3900.065952  	96.650117 
3901.994768  	96.609519 
3903.923584  	96.524777 
3905.852400  	96.438818 
3907.781216  	96.559644 
3909.710032  	96.636937 
3911.638848  	96.681437 
3913.567664  	96.638494 
3915.496480  	96.577166 
3917.425296  	96.501359 
3919.354112  	96.468748 
3921.282928  	96.409256 
3923.211744  	96.397672 
3925.140560  	96.411316 
3927.069376  	96.474925 
3928.998192  	96.435785 
3930.927008  	96.410615 
3932.855824  	96.394866 
3934.784640  	96.416494 
3936.713456  	96.478188 
3938.642272  	96.464303 
3940.571088  	96.447169 
3942.499904  	96.386065 
3944.428720  	96.327859 
3946.357536  	96.376799 
3948.286352  	96.387990 
3950.215168  	96.348804 
3952.143984  	96.372178 
3954.072800  	96.460008 
3956.001616  	96.486458 
3957.930432  	96.440104 
3959.859248  	96.436378 
3961.788064  	96.438318 
3963.716880  	96.515175 
3965.645696  	96.565228 
3967.574512  	96.509004 
3969.503328  	96.462067 
3971.432144  	96.394324 
3973.360960  	96.366361 
3975.289776  	96.423442 
3977.218592  	96.503951 
3979.147408  	96.539197 
3981.076224  	96.441959 
3983.005040  	96.455895 
3984.933856  	96.531301 
3986.862672  	96.487753 
3988.791488  	96.400316 
3990.720304  	96.372952 
3992.649120  	96.384896 
3994.577936  	96.356702 
3996.506752  	96.317462 
3998.435568  	96.355850 
4000.364384  	96.383621 